iCap (=1: input capacity; =0: otherwise)
1
NTab
100
theta        h          K           C
0.43922 -1.0000E-06 1.3044E-04 1.9998E-05
0.43899 -9.3208E-01 1.2711E-04 3.0145E-04
0.43894 -1.0740E+00 1.2692E-04 3.0958E-04
0.43889 -1.2374E+00 1.2671E-04 3.1785E-04
0.43883 -1.4258E+00 1.2648E-04 3.2626E-04
0.43876 -1.6428E+00 1.2623E-04 3.3477E-04
0.43867 -1.8929E+00 1.2594E-04 3.4338E-04
0.43857 -2.1811E+00 1.2562E-04 3.5207E-04
0.43846 -2.5131E+00 1.2525E-04 3.6081E-04
0.43832 -2.8956E+00 1.2484E-04 3.6962E-04
0.43815 -3.3364E+00 1.2438E-04 3.7846E-04
0.43796 -3.8443E+00 1.2385E-04 3.8740E-04
0.43773 -4.4294E+00 1.2324E-04 3.9646E-04
0.43746 -5.1037E+00 1.2255E-04 4.0580E-04
0.43714 -5.8806E+00 1.2176E-04 4.1568E-04
0.43676 -6.7758E+00 1.2085E-04 4.2652E-04
0.43631 -7.8072E+00 1.1980E-04 4.3911E-04
0.43578 -8.9956E+00 1.1858E-04 4.5470E-04
0.43515 -1.0365E+01 1.1715E-04 4.7535E-04
0.43437 -1.1943E+01 1.1547E-04 5.0434E-04
0.43342 -1.3761E+01 1.1344E-04 5.4691E-04
0.43221 -1.5855E+01 1.1094E-04 6.1119E-04
0.43062 -1.8269E+01 1.0776E-04 7.0967E-04
0.42845 -2.1050E+01 1.0357E-04 8.6082E-04
0.42534 -2.4254E+01 9.7866E-05 1.0906E-03
0.42071 -2.7946E+01 8.9920E-05 1.4314E-03
0.41362 -3.2200E+01 7.8901E-05 1.9136E-03
0.40272 -3.7102E+01 6.4295E-05 2.5401E-03
0.38636 -4.2749E+01 4.6825E-05 3.2373E-03
0.36325 -4.9257E+01 2.9246E-05 3.8097E-03
0.33367 -5.6755E+01 1.5303E-05 3.9903E-03
0.30038 -6.5394E+01 6.8602E-06 3.6405E-03
0.26769 -7.5348E+01 2.8411E-06 2.9046E-03
0.23925 -8.6818E+01 1.1987E-06 2.0833E-03
0.21658 -1.0003E+02 5.5550E-07 1.3961E-03
0.19937 -1.1526E+02 2.9184E-07 9.0804E-04
0.18649 -1.3281E+02 1.7309E-07 5.9137E-04
0.17673 -1.5302E+02 1.1338E-07 3.9463E-04
0.16910 -1.7632E+02 7.9946E-08 2.7372E-04
0.16286 -2.0315E+02 5.9332E-08 1.9846E-04
0.15754 -2.3408E+02 4.5556E-08 1.5015E-04
0.15282 -2.6971E+02 3.5745E-08 1.1776E-04
0.14849 -3.1077E+02 2.8424E-08 9.4940E-05
0.14442 -3.5807E+02 2.2781E-08 7.8051E-05
0.14055 -4.1258E+02 1.8336E-08 6.5013E-05
0.13681 -4.7538E+02 1.4790E-08 5.4602E-05
0.13318 -5.4775E+02 1.1938E-08 4.6086E-05
0.12965 -6.3113E+02 9.6350E-09 3.9005E-05
0.12620 -7.2720E+02 7.7726E-09 3.3059E-05
0.12284 -8.3789E+02 6.2655E-09 2.8032E-05
0.11955 -9.6544E+02 5.0466E-09 2.3774E-05
0.11633 -1.1124E+03 4.0614E-09 2.0154E-05
0.11319 -1.2817E+03 3.2661E-09 1.7080E-05
0.11013 -1.4768E+03 2.6246E-09 1.4470E-05
0.10714 -1.7017E+03 2.1077E-09 1.2250E-05
0.10422 -1.9607E+03 1.6917E-09 1.0369E-05
0.10138 -2.2591E+03 1.3571E-09 8.7719E-06
0.09860 -2.6030E+03 1.0882E-09 7.4189E-06
0.09590 -2.9993E+03 8.7232E-10 6.2717E-06
0.09327 -3.4558E+03 6.9901E-10 5.3018E-06
0.09071 -3.9819E+03 5.5999E-10 4.4793E-06
0.08822 -4.5880E+03 4.4851E-10 3.7856E-06
0.08579 -5.2864E+03 3.5915E-10 3.1971E-06
0.08343 -6.0911E+03 2.8755E-10 2.7010E-06
0.08113 -7.0183E+03 2.3019E-10 2.2802E-06
0.07889 -8.0867E+03 1.8425E-10 1.9255E-06
0.07671 -9.3176E+03 1.4746E-10 1.6267E-06
0.07460 -1.0736E+04 1.1801E-10 1.3726E-06
0.07254 -1.2370E+04 9.4434E-11 1.1591E-06
0.07053 -1.4253E+04 7.5563E-11 9.7769E-07
0.06859 -1.6423E+04 6.0460E-11 8.2573E-07
0.06669 -1.8923E+04 4.8374E-11 6.9666E-07
0.06485 -2.1803E+04 3.8702E-11 5.8969E-07
0.06306 -2.5122E+04 3.0963E-11 4.9706E-07
0.06131 -2.8946E+04 2.4771E-11 4.1876E-07
0.05962 -3.3353E+04 1.9817E-11 3.5342E-07
0.05797 -3.8430E+04 1.5853E-11 2.9855E-07
0.05637 -4.4280E+04 1.2682E-11 2.5130E-07
0.05481 -5.1020E+04 1.0145E-11 2.1216E-07
0.05329 -5.8786E+04 8.1156E-12 1.7983E-07
0.05182 -6.7735E+04 6.4920E-12 1.5127E-07
0.05039 -7.8046E+04 5.1932E-12 1.2773E-07
0.04899 -8.9926E+04 4.1542E-12 1.0721E-07
0.04764 -1.0361E+05 3.3231E-12 9.0842E-08
0.04632 -1.1939E+05 2.6582E-12 7.6906E-08
0.04504 -1.3756E+05 2.1264E-12 6.4879E-08
0.04380 -1.5850E+05 1.7009E-12 5.4297E-08
0.04258 -1.8263E+05 1.3606E-12 4.5970E-08
0.04141 -2.1043E+05 1.0883E-12 3.8858E-08
0.04026 -2.4246E+05 8.7058E-13 3.2613E-08
0.03915 -2.7937E+05 6.9639E-13 2.7813E-08
0.03807 -3.2189E+05 5.5705E-13 2.3072E-08
0.03701 -3.7089E+05 4.4559E-13 2.0007E-08
0.03599 -4.2735E+05 3.5643E-13 1.6769E-08
0.03499 -4.9240E+05 2.8511E-13 1.4225E-08
0.03403 -5.6736E+05 2.2806E-13 1.1738E-08
0.03308 -6.5372E+05 1.8243E-13 9.7145E-09
0.03217 -7.5323E+05 1.4592E-13 8.2110E-09
0.03128 -8.6789E+05 1.1673E-13 7.3437E-09
0.03042 -1.0000E+06 9.3369E-14 6.0137E-09
