UNSODA = 1270
Soil sample = Superior, AZ, USA (UNSODA 1270)
Texture = Tuffaceous Rock
Author = Rasmussen et al.

100 0.167
250 0.158
500 0.147
1000 0.123
3000 0.098
5000 0.086
10000 0.083
50000 0.07
----
UNSODA = 4440
Soil sample = Grenoble, France (UNSODA 4440)
Texture =  Sand
Author = Haverkamp and Parlange, 1986

11 0.35
13 0.35
14 0.355
16 0.35
23 0.341
28 0.3365
33 0.33
36 0.3225
37 0.31
38 0.32
40 0.312
42 0.2908
44 0.284
45 0.282
47 0.2608
48 0.25
49 0.242
50 0.235
51 0.2288
52 0.205
53 0.206
54 0.1996
55 0.2
56 0.1819
59 0.164
60 0.17
61 0.178
62 0.1549
64 0.155
65 0.145
66 0.16
67 0.14
68 0.134
69 0.146
70 0.138
74 0.134
77 0.126
79 0.124
84 0.119
89 0.114
94 0.1
104 0.1
----
UNSODA = 2243
Soil sample = Hanford, WA, USA (UNSODA 2243)
Texture =  Sandy loam
Author = Laliberte et al., 1966

----
UNSODA = 2243
Soil sample = Hanford, WA, USA (UNSODA 2243)
Texture =  Sandy loam
Author = Laliberte et al., 1966

3 0.518
7 0.517
14 0.516
21 0.516
29 0.515
33 0.513
40 0.442
44 0.401
46 0.38
47 0.367
51 0.34
54 0.315
59 0.291
66 0.263
72 0.249
87 0.212
105 0.186
123 0.17
134 0.165
146 0.157
157 0.152
171 0.145
----
UNSODA = 1015
Soil sample = Union Springs, AL, USA (UNSODA 1015)
Texture = Loamy sand
Author = Dane et al., 1983

0 0.2628
20 0.237
30 0.223
40 0.211
50 0.2035
70 0.1855
100 0.169
200 0.151
430 0.1399
640 0.131
1050 0.1159
----
UNSODA = 2760
Soil sample = Lyss, Switzerland (UNSODA 2760)
Texture =  Silty loam
Author = Richard et al., 1983

1 0.502
5 0.497
10 0.484
20 0.458
40 0.434
80 0.414
160 0.406
345 0.395
690 0.391
2000 0.354
5000 0.304
10000 0.268
15000 0.248
----
UNSODA = 4800
Soil sample = Tukabaru, Miyazaki, Japan (UNSODA 4800)
Texture =  Loam
Author = S. Shiozawa

9 0.648
12 0.632
16 0.63
20 0.63
26 0.63
32 0.629
39 0.6112
46 0.576
53 0.557
62 0.535
74 0.509
97 0.487
129 0.462
165 0.445
224 0.425
288 0.407
366 0.394
476 0.378
----
UNSODA = 3033
Soil sample = Orenburg region, Russia (UNSODA 3033)
Texture = Clay loam
Author = Suhanova

0 0.571
25 0.521
50 0.485
100 0.407
150 0.377
200 0.353
300 0.338
400 0.328
500 0.319
600 0.31
700 0.31
800 0.295
----
UNSODA = 2362
Soil sample = Seelow, Germany (UNSODA 2362)
Texture =  Clay
Author = Schindler et al., 1985

0 0.557
10 0.555
30 0.554
50 0.552
100 0.548
300 0.542
500 0.536
800 0.528
1500 0.513
3000 0.486
5000 0.458
8000 0.448
15000 0.414
----
Soil sample = Illinois sandstone
Texture = Trimodal rock
Author = Zhuang et al., 2024
Data source = https://doi.org/10.2478/johh-2024-0012

2.95801247 0.1664
3.0060763 0.1663
3.04789499 0.1664
3.0974193 0.1664
3.16227766 0.1663
3.23593657 0.1663
3.29609712 0.1662
3.34965439 0.166
3.36511569 0.1659
3.37287309 0.1658
3.4040819 0.1656
3.34965439 0.1654
3.28095293 0.1652
3.38064836 0.165
3.50751874 0.1648
3.54813389 0.1645
3.56451133 0.1643
3.59749335 0.164
3.59749335 0.1637
3.74110588 0.1635
3.9994475 0.1632
4.11149721 0.163
4.17830367 0.1626
3.77572191 0.1623
3.30369541 0.1618
3.4040819 0.1614
3.48337315 0.1611
3.66437575 0.1606
4.00866718 0.1602
4.23642966 0.1596
4.61317575 0.1592
5.15228645 0.1589
5.29663444 0.1584
5.35796658 0.158
5.55904257 0.1575
5.50807696 0.1569
5.52077439 0.1563
5.64936975 0.1558
5.68852931 0.1554
5.87489353 0.1548
6.25172693 0.1542
7.1614341 0.1536
8.55066713 0.1529
10.1624869 0.1523
12.8528666 0.1516
19.8609492 0.1509
31.2607937 0.1502
42.854852 0.1494
51.5228645 0.1484
56.1047976 0.1476
58.7489353 0.1468
63.0957344 0.1457
66.6806769 0.1447
70.307232 0.1436
74.3019138 0.1423
77.2680585 0.1411
81.4704284 0.1396
86.8960429 0.138
89.1250938 0.1365
90.5732601 0.1351
93.7562007 0.1336
93.7562007 0.1323
95.7194071 0.1309
98.6279486 0.1296
99.7700064 0.1283
100.230524 0.1269
102.80163 0.1254
106.169556 0.124
108.143395 0.1226
110.662378 0.1212
114.287833 0.1198
117.760597 0.1184
120.781384 0.117
124.165231 0.1156
128.233058 0.114
133.967669 0.1123
139.636836 0.1106
145.545908 0.1087
151.008015 0.107
157.398286 0.1054
168.655303 0.1036
179.060585 0.102
188.799135 0.1004
202.301918 0.0988
217.270118 0.0971
234.422882 0.0955
254.683025 0.0937
276.694165 0.0922
301.300602 0.0909
331.894458 0.0896
372.391706 0.0882
421.696503 0.0868
483.058802 0.0854
553.350109 0.0841
638.263486 0.083
739.605275 0.0818
857.037845 0.0807
995.405417 0.0796
1153.45326 0.0786
5248.0746 0.0339
9332.54301 0.0276
14454.3977 0.0215
32359.3657 0.0147
72443.596 0.0101
100000 0.008
190546.072 0.0059
537031.796 0.0033
2344228.82 0
